11993
13003
10672
16297
14269
15318
14496
10892
12824
16406
13453
10037
12313
11434
12535
10336
10699
13927
12263
12894
14967
10283
11724
14249
11874
10505
11792
14046
11051
16922
14859
12726
11837
11694
12354
10827
11884
10183
14096
15239
10071
10451
13981
16470
11873
16801
13028
10553
11784
16007
12549
14144
14460
13378
15570
10838
15173
14207
13315
16964
14785
10396
14172
12139
13349
12565
14113
11038
13740
13628
16838
14739
13775
13972
14693
10454
16912
12949
14922
15149
16945
12980
14357
14347
10407
13619
12676
16316
15462
11169
10089
12065
13621
12937
15670
11083
15210
10315
16997
13182
16206
16128
11292
12534
12803
15495
11085
14511
14155
14592
16948
10171
13562
10443
11949
14585
12077
10015
11787
11785
10506
11288
13609
11672
11630
11666
11174
13314
15600
15106
12748
15240
16299
15155
15875
16710
14562
11741
12543
11984
13588
14869
14205
13827
15692
14184
15127
12649
12122
16197
11634
12530
16877
11999
16621
11066
15856
13306
11628
16444
12747
16827
14189
12780
10381
10411
10098
12319
16757
13462
13742
16192
13518
12896
12078
15162
10159
12184
10800
12410
16935
11719
11391
11451
14983
14294
10558
15344
10469
11606
13426
14023
15065
11215
15742
16809
13322
16832
14714
16548
12528
14809
14806
10166
12586
11893
10091
10117
15723
10573
14093
11253
15715
12239
13213
14734
11777
12961
11978
15534
16987
11453
10185
13049
14295
14356
15472
14164
10680
12555
12183
14449
11809
16771
10511
13831
13475
16933
14128
13778
11609
16788
12005
14927
14500
10009
11486
10675
12338
15324
16529
12192
15680
12911
12667
11944
15388
10302
12864
13386
13752
12400
11888
11811
15443
16759
10344
12094
13589
10905
14857
15200
10646
14469
11769
10398
10458
12286
17030
15678
14641
16216
16528
11132
12663
14702
15925
14888
10698
15429
13201
11529
12050
11050
16932
12671
13434
12068
10632
12317
12724
16038
12506
12258
14448
14461
10664
16434
13933
13558
11876
13658
14190
10157
11935
13295
15760
13804
13984
14130
16268
16002
12157
16863
14228
12028
13204
11707
12680
11309
12104
13886
11305
15496
10590
13683
14380
12615
13419
16865
11389
14935
16566
10869
11852
11920
12036
12798
12693
12987
16119
11192
14375
11392
11199
15662
13527
15817
15303
11164
16626
15407
14203
16005
11779
15196
10543
12244
16793
16579
10914
16949
16543
15153
13454
13652
10275
16085
15775
13102
12707
10970
12057
10035
11056
14146
16965
10266
15798
10521
10536
13961
11746
10748
11160
16402
11558
12030
15960
16122
13723
13697
12328
13792
12326
14064
12357
15883
14553
13212
14726
12013
16542
14867
14596
10103
12198
10343
15774
13006
15233
12502
10132
14803
13539
15352
12224
13437
14807
15217
16334
14185
13191
10615
12345
15147
15068
13464
14099
11757
16464
14008
11568
10433
12044
11439
16145
15846
16849
10983
14709
15934
13138
10654
15669
12848
15077
11354
10781
14695
15307
10860
10879
12962
13643
10340
13779
16053
11825
10325
13959
14520
13190
16485
13851
16228
11509
12483
12226
10836
16084
15289
13074
12740
16512
11027
16792
16008
10000
13341
16901
14394
17020
12204
10383
14048
13544
12417
14543
16563
15367
12448
12577
13839
13807
14721
12746
12485
15950
10426
11519
14209
16425
14118
12219
12330
15782
15333
16632
13018
15381
10235
13575
11581
12321
12406
15940
11575
15568
14132
13316
16271
13468
15535
14369
12708
14774
12188
16266
11110
14614
11034
12941
13031
11477
12513
13501
14593
10382
16625
11470
13757
11886
10413
11070
15797
12705
13704
12337
14637
13720
11040
10849
13666
12432
16357
10401
12265
13701
11475
10982
11641
12449
11844
10341
15956
10756
14412
16633
10400
15460
10597
11366
16246
13267
15478
16678
16739
13205
11947
15894
12932
15359
14842
16231
11755
15528
15270
12074
16718
10799
10010
15792
13871
14106
13975
15930
12257
12460
10587
15262
14439
11081
11234
13215
11618
13172
12889
16195
10100
15744
15822
15599
13563
11082
13690
15469
11246
15104
11006
13144
16601
13219
15945
14105
11416
11750
10591
16127
15365
13103
14626
10044
14154
14906
16256
10978
10902
13765
10537
13726
14094
13917
15761
16229
15167
12427
14917
12749
11822
13999
12407
15701
15036
11357
14770
16328
12376
11540
10828
10272
10653
13949
16200
13861
12162
10904
14387
10450
14554
12809
14994
16905
16898
13997
14258
14929
14305
15743
14484
10592
15891
10576
13669
14169
16720
11770
14713
12805
14893
13026
10215
16430
10768
12610
10308
14847
16812
11870
11937
13250
12222
15584
12783
16194
13323
10303
12436
15390
11405
15933
16283
13093
11356
13818
10919
15699
13890
14244
11447
11013
16983
12545
10247
13957
17001
16157
13333
10994
15056
12233
11473
15273
10856
14267
15319
12450
12494
12750
16454
15042
15051
13995
10979
12101
14176
11029
11481
16375
16526
11186
11025
16310
14396
15446
14376
15132
15135
11758
13673
10080
14834
13133
11468
14493
10855
16380
11205
13076
15251
12869
13463
16713
12575
14388
16853
13059
16448
15447
15651
11347
13461
17031
14622
14800
15249
15890
12479
16745
11713
16765
12022
14360
14635
16691
15180
15732
16650
12088
12670
15867
14825
14304
12592
16249
15494
14075
16993
13139
15863
12155
15968
14446
14518
15908
11395
11474
16074
11596
12103
15731
11760
11816
13110
15309
10326
15317
13549
10092
11917
13950
14910
13390
16938
12786
11219
14001
16369
11731
13273
13637
12408
13902
11961
15016
10922
13884
12989
15479
11497
11737
10288
11499
14887
15074
15873
16882
14706
15020
14769
10349
14995
10839
15885
16148
12201
15308
15263
11107
11802
16093
13495
13638
12771
10935
13796
12196
15452
13929
13565
11665
10324
16088
10895
10495
10966
10365
16065
11484
16156
16183
11664
10169
14470
11747
15208
12764
10358
12936
16516
15758
10735
13326
13993
14279
13112
11807
13374
15912
15105
13185
15291
13836
16221
10564
10205
11820
14213
11843
14811
13812
14688
11691
16348
10030
13691
12595
15358
13996
11102
13498
15877
10651
16417
14271
10718
11710
10131
15096
13317
15435
15805
10431
13360
13458
10334
10844
13005
16774
13596
12867
11383
10837
12148
16207
13471
10950
16823
16052
14991
16034
11062
16985
13361
14997
16640
13930
11058
16947
12220
14934
12431
11500
15671
11244
14753
14212
15529
14274
14114
10182
11422
15364
11089
13116
12998
13813
13954
10636
11259
16353
14510
14775
16462
12916
15821
12657
13272
12225
14091
10419
11247
10821
10822
16848
13756
16282
14898
10548
15476
14974
14441
15911
13524
12366
12969
11044
16047
16373
13841
10574
16779
13307
10177
14359
16486
10256
15947
12532
11346
12202
13634
14068
11537
11505
10721
13662
10516
13526
14301
13237
13611
16165
12138
13574
10572
16557
16899
15350
15719
13523
14163
12158
13602
11232
12023
14805
12369
16669
15974
10779
12212
11948
15001
10669
12633
11976
10570
13320
13866
14220
10424
15003
15378
15639
15050
12355
10628
14682
12578
13585
13332
15790
16989
14650
11361
15998
10149
10130
15828
13905
14033
13546
17029
11898
11376
12963
16651
13047
10119
11503
10311
15581
13120
16376
11281
14568
13633
13828
16519
10359
13351
12915
16374
11658
15201
14229
12480
14276
13479
13746
10655
10608
11833
16656
10294
10161
15592
16276
16909
13644
10864
16170
13069
12269
12766
16911
14236
13503
16503
12816
15778
12484
15342
12730
16796
16777
14624
14590
12822
13802
13052
11116
13516
16726
10723
13370
15656
16302
14652
14086
13663
11441
12252
14466
11185
16136
15142
11912
10801
13277
16132
16030
13236
11222
16851
16717
10652
10184
15207
13289
11310
12200
12170
12464
12570
12826
16773
10617
15847
16087
13612
12124
13435
16458
11576
10709
14413
15608
13072
15590
15334
11030
13075
13451
14167
16709
13651
12972
15935
13880
15638
11362
10848
10136
16498
13121
13515
15075
13618
16189
11681
13089
10370
13685
11819
12844
15157
10249
14367
14613
14314
13987
15922
16903
12855
15256
15642
16800
13499
14234
16073
16554
13522
12259
10946
10066
10882
13655
16988
10379
12106
14363
14723
12248
10405
15362
12661
12715
16719
11344
12946
13171
10534
12511
16979
16612
10749
16659
16535
13789
15909
12782
16944
14135
16783
14976
17006
12004
15085
16914
13846
10544
14813
16517
16422
12223
11053
13331
11014
14003
14573
14138
15619
12282
13537
10174
16291
12334
11945
14471
11846
15087
10090
15497
16956
12734
13476
16354
13939
16984
11126
11752
14451
12160
10111
13024
13958
12779
11187
14965
11608
11891
11804
11958
13552
14982
11599
12468
16736
12875
15664
17018
14421
10678
11762
13800
11042
12421
14425
13973
11012
11075
11970
10751
12481
16521
12277
14874
15230
10081
15500
13798
11382
11717
11147
13937
12605
12598
14402
16153
16995
16440
16112
16690
15130
12176
16694
12195
11897
12205
14755
12830
12304
14004
10055
14429
13963
13492
16321
12026
10546
15357
13900
12644
12249
14059
12626
11880
15215
15999
15179
13016
12131
12872
11255
10731
10213
11258
10508
16510
11138
16147
16770
16419
16439
15377
10626
14196
11607
11428
15242
15098
15696
16970
10473
16212
14664
11064
11877
13068
15700
13380
15552
11533
13170
13405
15264
14821
10474
16404
12336
11460
15244
16054
12550
14764
11313
14355
12128
16161
16254
11603
10023
12569
12620
10773
15111
16244
11093
14648
12522
15069
14243
11613
16507
12089
12637
13149
12058
13131
14559
10540
15108
11582
14778
15585
15813
14531
11831
13721
11901
10129
12377
15186
12167
14233
11623
10195
12143
14527
16308
11429
15297
12133
10482
12607
14876
12071
15548
15420
11914
16152
15511
16618
11954
13620
10423
10763
16013
11940
16359
15041
16828
15937
11699
13429
10429
14456
12069
11543
13901
14860
13948
14398
10996
14039
12745
16252
15024
12913
12475
12597
13711
13500
13194
13082
12055
13157
10909
15073
12681
14658
14342
15594
11385
12838
12557
13141
10414
11011
13686
10470
10717
12253
12295
13238
16768
15285
13352
15576
14767
11348
14756
13169
16904
10790
13991
15216
10589
15276
12391
15793
16616
13693
10581
14083
13760
15563
11496
15707
15212
13403
14748
13274
10829
14646
11024
12000
10286
14749
13965
14315
12828
12247
16017
12403
12007
15163
10973
12691
13482
11526
14832
14215
10623
13281
16414
13119
10240
12752
14419
11444
10551
11943
16580
13395
10683
16959
11203
12736
17004
10491
10857
16708
16027
10480
13687
11100
13719
13033
15831
11194
14063
11996
15427
14408
14933
11546
10016
11404
11291
10810
16098
10630
15060
15675
10322
14808
10711
14344
13837
15437
16344
14662
15007
12970
12692
14908
14238
10863
12245
13590
16725
13029
11018
16762
10498
15310
16619
12091
10659
14211
10162
10216
13432
14160
15989
13545
16891
13425
13070
12784
13594
10001
14110
16975
13073
15080
15523
14361
11778
14478
10944
12668
14255
12466
14904
10335
11242
15385
16704
13235
16281
14581
14740
12451
15854
16639
14476
16929
12113
13180
10421
10109
11745
10610
10929
12147
17012
15071
14034
15102
16734
14946
16875
12778
15938
11985
16265
13564
10826
10585
12439
16611
13097
16660
10545
16090
13551
15918
12686
11684
10942
10818
16155
15691
13926
11740
14479
16721
16198
12040
12852
11264
11265
15284
13122
14845
14222
12398
12208
15521
16388
10127
16576
13707
10026
14272
12445
11553
12687
14930
11759
15206
11421
14586
16396
16590
16443
11176
12260
14919
16620
13966
13373
11448
16641
15553
13969
13835
11508
14733
16123
11140
15035
11092
11120
13715
13570
15579
10027
11419
15779
11461
16490
14667
16320
14772
11995
10752
15666
11927
10425
11584
13305
11962
13761
10903
12237
11590
15851
14303
10932
15160
13978
12121
11610
11077
13808
10692
14346
15673
13268
16035
14737
12662
16298
11968
13129
10457
12424
13175
10939
13794
13376
15810
15544
16068
10656
14102
11692
16356
10874
16070
14880
16637
15250
16634
15116
11894
12702
14131
15133
12678
14147
13791
13392
13763
16596
12024
14720
14768
16089
13308
12978
12493
12116
15979
13423
13787
14552
13591
16149
11824
14828
11550
11273
12690
16303
10706
11456
15066
11902
12008
13748
10057
11555
11577
15057
12218
12441
10061
12322
15113
10257
12129
16405
15434
16687
16201
14241
14987
12573
12031
12166
13041
10915
15314
13214
11431
11245
10243
10004
15169
16285
11368
16421
13906
14797
12504
12799
13012
11673
12418
14337
14615
10085
12827
13008
15340
14045
14432
15070
15131
11324
16661
12181
16250
14730
12520
12496
11231
14140
13595
12948
11742
15148
12086
12279
11289
14651
14696
13342
15346
16974
13534
11538
10616
14165
16937
11121
10665
10455
16842
10219
15161
13218
15294
11859
13244
14156
15784
10533
15766
10409
13830
15900
12789
10417
11105
11191
10380
10500
10741
13216
16500
16223
11298
13013
16451
12043
12843
15567
10386
13891
10854
11177
10490
11815
12256
16919
10019
14383
11467
15282
14027
16568
10566
10282
11895
14502
15773
11795
13536
14218
11883
15518
10988
12285
10620
11488
13822
14990
14177
14977
11158
11330
12382
16685
10207
11009
10526
10606
15802
12862
10619
11130
11667
14937
10076
12442
16751
16831
11783
13976
11932
16578
13826
12359
12754
15078
12832
10531
10337
12109
16393
12379
15383
16628
14528
15176
13665
14084
14599
10152
15382
10260
10165
15280
17021
16786
15049
14794
15126
15058
15653
16729
16534
11668
15538
14372
13362
12389
10232
13557
10750
15341
15566
12776
16205
16692
16855
15150
10625
11207
14285
14223
14932
10142
12098
16046
14417
14508
10287
15621
16700
13258
15288
10224
10041
15152
15839
11098
14530
12177
12910
15770
12507
15652
11111
14694
12685
14665
10707
14532
13228
15261
13657
10976
10255
11165
15406
13286
15002
12546
10938
12197
12673
15487
14710
15971
12164
13312
13449
16253
16648
14846
14206
16172
10679
15027
13245
14020
12049
16468
12052
10369
14121
10819
14090
14381
11173
16624
13337
14237
14373
10945
12051
12178
16615
14894
15591
14719
16926
11446
16525
12014
16075
16897
13649
16040
16247
16015
11125
16608
14840
11189
13050
15865
14523
14943
10807
10124
16998
12056
16314
11458
16761
13481
11236
10517
13251
13152
11502
11317
16259
11452
13980
10281
10251
12387
10700
14011
15094
12060
11782
16311
12027
15238
15917
16336
10515
12821
13944
13164
13168
12930
16603
10492
11342
14853
11904
15820
14939
13382
13496
15837
12316
11241
11278
10086
14698
13022
17007
15397
12674
13422
11823
11583
15964
15389
14819
12186
14170
11223
16623
16274
10441
16941
10661
13684
14299
13294
11150
11515
15745
13577
11585
12772
15095
10514
14136
12171
12713
11744
16103
10535
10221
15882
11775
11367
11541
16871
16236
13488
15565
11060
11605
15888
16397
15896
16627
12964
16826
11908
13136
10034
16822
15088
15220
15781
11406
16682
11495
14250
13784
16366
17005
10596
15763
16370
15508
13622
15247
11493
16545
13725
10313
15067
12097
14760
14280
13042
11489
13820
10896
12922
16091
14540
14776
16134
13907
12579
15978
14521
12823
12232
14467
14884
15833
11621
13034
16804
14818
15729
10191
15254
14639
15063
12117
14817
10554
16562
14320
11332
12571
14795
11578
16992
13467
16489
13856
10565
13706
10541
15174
16475
11131
15064
15205
16742
15182
10013
16106
13356
12892
11269
16957
14434
14231
10139
10196
14570
13743
15616
15503
15091
16915
16245
13578
12994
15492
16063
15093
13040
15537
15440
14598
12944
12601
10812
12926
14186
13547
12012
13688
11514
15855
16689
11793
14119
13489
10647
11469
15516
10744
13221
15716
12664
15549
15531
12294
14123
11907
13850
14158
12623
16776
13109
14897
13407
11311
13146
16885
14814
11969
15504
14288
11589
13470
16575
11678
12977
13910
14497
10991
12072
12938
13699
13864
13387
16222
12790
16982
10198
15395
10118
14580
13246
16171
11155
12066
15748
12917
13659
15768
16293
12154
12924
14690
12073
14060
16894
16204
15432
10582
13004
10524
15654
15786
13733
12515
11791
16836
13057
14674
15685
16971
15713
13750
16410
12110
10504
12540
16186
13263
14653
13512
12631
13056
10402
16813
13227
11095
11442
13646
13207
14571
10211
13017
12877
12461
10503
11047
13389
15836
10880
13466
10170
10835
10347
11152
16617
14558
11828
12235
13745
15864
15293
16067
12268
14879
12213
14374
11365
10299
12280
14152
11507
13198
14043
12558
14625
10176
11035
12951
10005
10114
12765
10727
15322
10008
11967
11464
14117
10353
11706
14112
10376
14654
15730
11853
15872
16392
15606
14569
15373
14065
14226
12392
12516
16787
13668
14281
15858
16482
15419
13134
15916
13728
13117
12775
15320
12053
14341
12415
16565
13916
14181
14423
16079
11000
15818
12332
10168
13598
15693
11867
16224
10361
10102
16331
12514
13282
15164
13472
10840
14519
10186
13381
11979
16289
13118
16225
15849
13287
10753
12596
11922
14865
15694
16318
15751
15255
16081
12797
13805
14428
11463
12580
11645
11652
11414
12100
14353
15580
14292
10569
16803
15172
13372
10040
10738
10825
11157
10087
11026
10472
14379
16570
12011
12979
11002
13252
12015
14501
11682
10529
10079
14550
10163
13788
11736
13617
13576
11835
16036
13631
14488
14952
12895
12762
11763
13104
15705
14911
13783
10823
13608
14260
14560
12228
14100
11084
10969
12327
15915
16791
14921
16177
10093
13107
11073
10137
11067
15667
12975
15145
10428
12706
15722
10559
11440
15663
13043
16814
13143
15816
14574
15128
11214
13418
13002
10069
13438
10316
12296
13328
14115
10104
15734
12959
15643
14473
16011
15453
13529
10208
14656
11274
13457
13375
15009
11212
10847
11631
16733
14777
15596
10252
10384
12096
13187
10686
13931
14591
12132
14495
13401
12093
14507
14404
11217
15493
13406
10668
13366
10913
14582
16049
15158
14691
15296
14450
16735
13863
12914
11216
14786
10601
10368
11727
13128
10412
15301
11229
13428
10673
11076
10385
13485
12462
14950
13397
15368
13299
12870
10760
11411
10695
12290
11141
16069
10082
13242
12995
16325
14966
14979
11865
10125
15554
16129
14313
16233
14802
14875
12272
14455
12983
12622
14366
13150
10740
10813
14535
10624
10593
16154
16248
13410
12564
16879
11094
16178
14542
11957
10097
15266
11372
16741
16273
11989
10345
13473
14938
10580
12871
16447
15044
16887
16559
15223
15213
11276
14539
10012
13956
13058
12901
11127
10393
14628
12536
10604
16196
15709
12478
14670
11472
14431
15973
13970
13224
16076
11934
15076
14744
14037
13061
11178
10065
11396
14397
10843
15122
15316
14352
16163
16379
14306
12153
11836
11654
10578
11068
15470
14763
10557
11542
14472
14401
12126
11661
14762
10732
14275
15237
15741
12190
15649
16141
16583
12426
15298
11982
13319
15454
15524
12435
16553
11972
12672
11977
16764
16785
15165
14636
10121
11872
11302
12920
13513
14302
11088
16399
13334
10201
11827
11487
11476
11322
15471
16300
12399
11921
10792
16994
13785
13145
13843
14843
13086
12174
11435
11334
10708
13988
12648
16533
15866
16508
16383
11045
10264
15543
15053
10058
15684
12968
11135
10135
13502
11910
14616
16269
12853
15480
15225
14945
12876
11848
12085
10338
15329
10802
12643
10780
16286
12925
12180
12378
15881
13771
16712
15099
13288
12411
11924
14240
14490
14727
12215
13507
16403
12636
11899
12416
15193
16386
14680
14014
11524
14955
14854
14168
11196
14277
10366
11168
11953
16696
11849
11017
16460
13859
14711
11915
11708
15962
13416
11705
14145
11863
15082
15739
15602
12331
14643
14729
14878
16270
16638
14944
11418
10217
12182
15641
11369
15735
15428
14400
11142
12866
13962
10408
10115
16810
13947
10612
16483
13519
14870
16795
10614
12144
16343
12999
10948
13346
16277
12042
12868
11402
14601
13580
13670
12425
15966
15404
16120
10056
16042
16574
14283
16423
13398
16504
11559
12458
11796
15955
14405
13542
14692
13964
12981
15442
11078
14442
14837
15259
11163
15490
15418
10634
14958
12373
12590
15634
11325
15146
16312
10993
10173
10643
14838
12551
14761
16925
14195
16963
10133
14576
16581
13302
11201
14032
15227
16306
15295
12559
10014
13857
10439
16845
11709
16220
11892
12246
15752
16208
16805
16802
15499
14339
16693
16361
12452
13834
15929
14338
16537
12655
11370
15589
13494
11436
10776
13645
12808
10527
14482
14866
10811
12120
11625
14453
12560
13942
15904
14443
16315
15181
15124
16531
17024
16210
12806
14081
12813
13280
10556
16869
15228
12061
12566
10861
13777
13928
13986
13583
14678
11938
10704
14822
11528
12793
13396
11611
14913
11751
16654
16431
15271
14349
16854
11595
15513
12640
14959
13629
10916
12293
16477
15253
15794
10881
14499
10805
11738
12612
11620
13038
11842
14481
10175
11182
16763
15800
11339
10178
16723
16671
11022
11588
11407
10006
14810
14923
14210
13946
16125
12700
11839
15138
10906
15972
15914
11373
13124
14392
11861
11549
14273
16111
13739
16547
16571
14661
10824
13877
12904
10841
14440
15005
11252
16455
12207
14009
10233
14751
12653
14583
16960
16138
14333
12988
10900
12861
13271
10193
15323
15232
17010
14703
11572
13636
10293
11826
11109
16724
10972
10471
15369
16778
11702
14070
17026
11712
13990
13490
11960
10021
14918
11304
14835
11531
10348
15269
13935
10886
15399
12665
11676
15417
11525
14336
16900
11926
12394
16337
12047
10244
16472
11527
16014
15097
14534
15990
14681
13484
10144
14050
15030
10390
16235
16670
12251
12588
16347
12669
15047
11847
13568
12646
14998
13254
16509
14895
15887
13243
15747
16930
11001
10406
15290
16461
12839
17022
13768
13088
14704
10762
12907
12733
14597
15079
10220
13130
12150
14447
11057
12825
13974
15327
11838
15151
10974
15647
13036
10306
14634
13672
11221
16705
15129
10314
15522
12732
14395
12682
15457
11374
16518
13420
11108
16958
14735
15845
12568
15431
15646
12034
12921
15961
15197
16907
15924
15415
13147
11063
15931
11129
12020
14232
16407
12054
13538
15194
13226
12397
12611
16936
16967
15724
14261
14823
12505
14319
14157
14981
15214
12709
11700
15107
12638
12767
16657
10891
14415
11388
12320
10321
11398
10784
11647
16095
14257
12457
14390
14331
11287
15749
13876
14890
10312
14882
13603
15613
10607
12335
14263
13208
14079
10099
16175
13265
10772
10588
16350
11725
11409
10530
11627
12010
16028
15252
11594
13123
16816
10246
12342
16102
14142
15436
11633
14844
16267
12482
13080
14972
10054
16385
11239
14049
12310
12142
14141
14464
13232
10375
13264
13730
10964
13844
14567
11037
16185
15604
15061
12396
11997
12993
14743
14334
10292
12846
11557
14354
13240
14052
11739
10739
14588
16551
15312
11885
13842
13781
11228
12652
10197
14612
15000
15414
10725
14873
15977
11384
