10047
15019
14961
15448
14182
12179
13336
15526
11425
16124
13865
15658
12165
12781
16051
17011
16146
12971
15769
16452
16481
15574
14604
11735
14312
10156
11942
11906
16239
12371
10719
13909
10350
16807
11415
10809
14435
14700
10476
13897
16471
11866
14916
13607
12794
11941
12274
14851
16744
15757
12459
13167
15776
10395
12887
10627
15575
11790
14907
16622
12658
13821
11181
13358
12016
10745
14345
13749
16474
16072
15860
15976
11716
12243
14340
16187
15475
10887
13722
12312
15577
13114
14073
13953
10214
11059
11659
12477
12348
12156
15461
15796
15488
13311
14126
13639
10430
16910
16094
15542
11685
16272
12033
16391
11506
11567
12737
13774
12001
12303
14077
16667
11662
15013
13079
10475
10662
10245
14444
11704
11316
13967
16368
12751
10510
10555
16494
10547
13095
13220
14178
14577
12909
13304
12297
14418
10046
12025
13384
10714
10688
15134
15272
12046
13196
13177
16441
11803
13882
11743
13460
11592
13675
10925
16484
12982
15445
10793
13229
13200
11671
13885
11814
13365
10052
13132
11266
15330
12422
10542
13279
15902
16227
11593
12814
11400
15939
13817
15632
11522
16326
15704
14975
15880
11145
16799
13321
13209
13764
12836
16150
16722
10049
12742
10987
14877
12341
13983
11513
12169
13714
13353
15791
13840
14256
14629
15384
15313
14287
16790
14217
13424
13912
16677
17028
15717
14992
11048
11523
14422
15485
11412
15714
10528
10951
11990
12992
12891
13815
13066
10305
14289
10872
14053
14924
13762
12029
12642
13540
14556
14012
15826
16066
15595
10002
12729
12351
12486
12062
15777
15332
14902
13071
13923
16780
10893
11124
12899
10832
13350
13469
16261
16666
10611
16811
11180
12361
14676
11776
15241
11674
10442
11862
10870
11952
13509
12152
10921
13493
14310
14836
13178
10877
12262
15006
11049
10210
14129
11248
17016
14746
12817
16191
11117
15014
11128
14790
16133
13160
10481
15086
11561
11420
16333
10871
13845
14940
11197
10278
10736
15661
13388
16655
13106
13007
10155
13560
15983
16179
15203
12374
14458
12497
12928
11730
16679
15852
12874
12572
11143
10120
13716
14221
10397
11773
16564
11794
16860
12390
14609
15509
14016
13439
14565
15555
12939
12552
14712
15008
12453
12660
10488
16539
13203
14124
10783
12689
10605
16703
16418
14538
14956
10067
12582
13932
15870
10297
11090
12684
13682
15630
12755
13413
16540
16889
15100
14595
11698
12241
10094
14677
12134
15645
11510
11170
10691
13298
10150
12339
14999
16363
15302
12270
12796
14058
16126
11315
14686
10644
14298
10440
14655
11812
15920
12819
10985
10501
15501
13712
12885
11210
11772
11573
13135
16806
13543
10788
16020
13269
14006
16819
16018
14409
10850
10787
13054
15198
10378
13855
15022
10715
14013
12414
11761
10317
12287
11262
10703
16131
15871
15598
15519
11728
15583
12873
15023
11994
12271
14960
12037
10955
10830
15814
16058
14202
10329
12314
16746
10898
13030
14088
12604
16004
12084
10134
15963
15841
15953
12641
13385
15901
14642
10265
11137
11649
16100
15004
15597
16332
10986
14025
14187
11830
13951
14326
16082
13624
15558
10116
10853
12112
11687
16973
16916
11227
10786
16867
14623
13868
11179
11981
15657
15376
15455
15117
16769
13290
12440
10310
13067
10997
16107
11123
10113
13260
10327
11233
16188
13278
15889
15118
13094
11810
16279
15463
11517
10190
15807
12837
16844
12365
11534
10261
14230
14789
16940
12446
13027
16950
14330
16243
15305
15465
11254
16663
16378
13211
16952
16109
13710
11016
14300
16599
11039
14465
15315
10984
15054
15257
15609
10758
11518
15137
10712
12712
12698
15578
13751
15803
14252
10806
10332
10975
12619
16976
11352
14133
16211
15668
10050
15952
10258
12905
14080
11683
11992
15572
13641
13941
15351
16817
15356
11720
13879
11930
12679
10959
15825
14978
14030
16595
13478
15843
13140
15292
14536
10941
10927
15430
12278
15540
16558
14151
14953
12284
12976
12146
11206
10820
16305
13874
10908
14831
16886
11268
13875
15391
11797
11879
16110
12606
10816
11183
11301
12841
15386
11650
12683
15783
15710
16672
16747
10331
10865
14021
12614
15809
15738
14675
15491
16681
11498
14040
10033
16585
15928
10539
13943
16174
15660
12518
16962
15171
13255
11749
16033
12854
13186
15353
10766
14386
11548
16446
13869
14251
12443
15335
14197
16199
11560
15286
15812
14284
12063
14072
12654
16644
14524
12343
11701
14725
13955
14005
11805
12454
12510
11516
16862
15985
13044
12283
13223
14026
17009
15059
12266
13510
13919
16324
15910
14061
16230
13530
14308
13694
15046
10563
11615
14426
16629
11015
13309
10253
13394
11119
14098
14782
16329
16234
13111
14668
15737
10677
13566
11598
14708
15536
13664
14365
12958
15702
13505
15506
16501
11350
12548
15043
15559
12583
14926
16237
11483
10045
14947
14041
12960
15969
13883
14684
16080
13427
14627
16996
14311
10689
15159
14633
13647
12632
13210
10320
10234
15892
14985
15394
11294
10876
10194
16538
11535
13155
14957
12465
11832
12696
14265
12541
13806
13197
10888
10404
13032
14069
16364
10859
16968
13296
15393
16892
10420
15226
10078
10990
10276
13166
12471
11208
14915
11462
15026
15586
12254
14589
11911
16479
12929
15246
11766
16323
11296
11021
14647
12609
14452
13592
16527
16541
11321
10250
14963
13249
16955
10613
15727
13572
14973
11600
10075
12048
13829
12525
11065
15396
10143
14062
15360
13561
16861
14329
16059
11226
16164
14430
13256
13064
15505
14747
11677
10146
12945
11789
16055
12512
15168
12275
14951
10866
15569
10595
12172
12986
10814
16684
15515
