15191
14525
16652
14259
16160
15021
11171
12370
16556
11574
15711
12621
16241
12240
16400
16232
13081
15154
14862
14323
16674
11657
11432
11987
15811
10024
10059
14000
15336
15688
12076
12364
11326
14089
16917
16467
11686
11663
14384
12264
15299
12714
15907
11973
11562
10181
11900
10351
10702
10377
15426
11320
10777
16395
12503
14673
10485
14208
15954
12080
14051
15189
16864
15686
12878
16939
13514
14644
12761
13889
12111
12859
10436
13154
10618
14799
15498
15211
11721
14841
13486
12630
11161
15136
12141
10729
12721
14022
13555
16184
14483
12470
11579
13671
13650
13776
15787
10928
14017
12711
15927
12412
14457
14296
10206
11052
11504
11974
16820
13511
12791
15759
16420
13092
12769
14504
13898
10448
15202
15089
16408
16567
11554
15355
12032
12720
11340
11427
12954
15403
11971
15349
14328
16715
11521
16022
13525
10479
10635
12850
10238
16496
11570
11275
14796
14631
12985
12384
10507
10561
14264
10532
16702
14745
14513
14159
16384
14619
13581
12299
13892
10053
11998
15857
13640
10694
10645
15676
15120
12059
13442
13421
10444
11723
14200
11626
14297
11433
12898
10960
16592
12952
16850
10769
14505
13443
11536
16825
11734
14820
10072
13440
15827
11237
14881
12409
10525
12519
13848
16586
14986
13767
15112
11443
12927
11312
13183
15695
10956
16086
13867
11380
16536
14173
13301
16215
11151
16830
13587
10920
15551
13083
15231
16999
10060
16981
11007
15884
12325
14679
15635
11355
12125
14002
12912
14350
13613
16104
16335
14526
16821
13248
13364
14645
16829
14546
16264
14424
16730
12795
14689
15753
15361
11041
11381
13801
15795
11314
16238
10518
10963
11946
13436
13535
14067
14474
10296
13297
10884
15835
13450
14036
12019
12618
13809
14899
13833
16168
16372
15943
10003
12703
12363
12473
12070
16096
13062
14371
16371
11113
12865
10808
13604
10599
16839
11159
13753
15571
11545
10466
10867
11933
17019
12107
15672
13192
13772
15278
13173
12187
15375
11046
10202
13318
11225
15824
11101
14029
11115
13338
15144
13989
13156
10486
15459
11424
11323
15328
10868
15199
15633
11184
10289
10713
14766
14575
16432
13100
13010
10179
16016
13860
14247
15527
12386
16338
15965
12490
12884
11617
14630
15458
12831
12547
11139
10145
14015
14551
10438
11642
16645
11689
14856
12404
14954
14610
16044
13531
14905
15031
12897
12529
15114
16288
12433
12647
10487
16614
13193
14901
10754
12688
13895
13915
10594
16758
13188
14886
14920
15765
10077
12554
15679
16203
10290
11086
12677
13727
15959
14516
12717
13521
16630
16893
15886
16943
11565
12161
10105
15040
12102
15996
15970
11353
11154
10650
13343
10160
12318
15801
16561
13968
15625
12193
12728
14697
11331
11271
15055
10622
15306
10460
15017
11733
16280
12759
14487
10989
10489
15804
13755
12840
11202
11640
11430
13125
16834
13599
10765
15850
16345
13285
14078
16873
15610
16352
10815
10761
13046
15640
10399
13911
15413
14245
15045
15166
10697
14087
12405
11635
14242
10323
12298
11235
10682
10038
16214
15514
15842
11597
15941
12829
15416
14752
15991
11956
12206
14848
12035
10967
10797
16881
16549
14489
14291
10356
12306
16797
10952
13015
14224
12567
15025
12081
10151
14391
16304
16169
16301
12617
13456
16258
15603
10268
11134
11485
16752
15754
15949
13151
10992
14108
14286
11767
14047
14407
14868
13667
15895
14731
10123
10845
12092
11556
15287
16918
11211
10755
16883
14964
13924
11156
11936
15981
15682
15756
15477
16113
15347
13324
12413
10307
13077
11010
15897
11106
10108
13283
10354
11220
13528
13313
15450
16913
13091
11729
15698
16139
11375
10187
16140
16888
12777
16870
12381
11390
10263
14322
14815
16920
12428
13011
16923
14411
10236
15626
15767
11230
17032
16573
13217
15439
16924
16449
15143
13754
11028
14377
16673
11036
15283
14514
15620
10981
15456
15611
15958
10734
11377
15486
10690
12699
12695
15932
13786
16117
14325
10771
10367
10980
12587
16951
11285
16683
14248
16495
15992
10062
16295
10262
12882
14204
11552
11955
15906
13674
14038
15674
16815
15677
11580
13952
11896
12656
10977
16166
15011
14127
16972
16668
13553
16173
13142
15267
14545
16676
10962
10961
16342
12242
15853
16635
14254
14948
12292
12950
12105
11195
10796
16522
13938
10954
14829
16884
11238
13945
15665
15371
11695
11858
16437
12576
10795
11166
11267
12788
15370
11490
12659
16097
16000
16716
16784
10364
10852
14104
12585
16143
16043
14741
15467
16740
11335
14137
10017
15942
16287
10519
14042
16457
15988
12499
16931
15183
13261
11629
16346
12804
13174
15343
10737
14445
11403
13025
13925
14324
12420
15331
14290
16491
11417
15265
16151
14348
12075
14191
12628
16680
14533
12333
11569
14793
14055
14074
16182
11726
12434
12492
11364
16878
16327
13045
12291
13233
14125
16980
16872
15121
12191
13582
14018
10188
16698
14174
16003
13692
13584
14382
13738
15119
10567
11471
14492
15380
11020
13367
10248
13491
11103
14239
14812
16550
16505
13105
14722
15721
10637
13623
11457
14787
15525
13705
14427
12923
15683
13573
15483
16613
11284
12527
15115
15588
12556
14912
16511
16436
14150
13977
16062
14659
14389
10648
15170
12608
13206
15903
15012
11257
10907
10280
16362
11393
12463
11781
12694
12523
13838
14180
13340
10447
10101
13158
12467
11200
14900
11327
15101
15628
12173
14620
11868
16355
12888
15229
11638
16278
11260
11033
14685
12581
14509
13626
16394
16409
11282
10242
14968
13259
16928
10600
15703
13625
14980
11466
10095
12064
13894
12500
11055
15408
10153
14175
15348
13616
16876
14410
16041
11209
16158
14494
13275
16772
13060
15481
14804
11551
10158
12919
11680
16031
12498
15175
12217
14931
10858
15601
10575
12127
12965
10791
16530
16841
15507
17015
